0 0 0 0 0 0 0 0 0 0 0 0 0 0 0 0 0 0 0 0 0 0 0 0 0 
0 0 0 0 0 0 0 0 0 0 0 0 0 0 0 0 0 0 0 0 0 0 0 0 0 
0 0 0 0 0 0 0 0 0 0 0 0 0 0 0 0 0 0 0 0 0 0 0 0 0 
0 30 30 30 0 30 0 0 0 0 0 0 0 30 0 0 0 27 0 0 0 27 0 0 0 
0 30 0 30 0 30 0 30 30 30 30 30 0 30 0 0 27 27 27 0 27 27 27 0 0 
0 30 1 30 0 30 0 0 0 30 0 0 0 30 0 0 27 27 27 27 27 27 27 0 0 
0 30 30 30 0 30 0 0 0 30 0 0 0 30 0 0 27 27 27 27 27 27 27 0 0 
0 0 0 0 0 0 0 0 30 0 30 0 0 30 0 0 0 27 27 27 27 27 0 0 0 
0 30 0 0 0 0 0 0 30 0 30 0 0 30 0 0 0 0 27 27 27 0 0 0 0 
0 30 30 30 30 30 0 30 0 0 0 30 0 30 0 0 0 0 0 27 0 0 0 0 0 
0 0 0 0 0 0 0 0 0 0 0 0 0 0 0 0 0 0 0 0 0 0 0 0 0 
0 0 0 0 0 0 0 0 0 0 0 0 0 0 0 0 0 0 0 0 0 0 0 0 0 
0 0 0 0 0 0 0 0 0 0 0 0 0 0 0 0 0 0 0 0 0 0 0 0 0 
0 0 0 0 0 0 0 0 0 0 0 0 0 0 0 0 0 0 0 0 0 0 0 0 0 
0 0 0 0 0 0 0 0 0 0 0 0 0 0 0 0 0 0 0 0 0 0 0 0 0 
2 4 0
